1 638
1 207
1 801
1 96
2 676
2 31
2 994
3 293
3 377
4 741
4 94
5 438
5 41
5 424
5 272
6 242
6 597
6 42
6 641
6 723
7 631
7 626
8 875
8 757
8 834
8 669
8 914
9 316
9 849
9 604
9 9
10 94
10 58
11 285
11 726
11 799
12 883
12 603
12 122
13 68
13 236
13 399
13 195
13 349
13 155
14 658
14 955
14 643
14 176
14 417
15 76
15 160
15 311
15 582
15 38
16 198
16 401
16 529
17 859
17 142
17 258
18 202
18 83
18 475
19 47
19 729
19 849
19 171
21 598
21 994
21 373
22 216
23 978
23 865
23 369
23 218
23 973
23 683
24 48
24 84
24 962
24 293
26 991
26 737
26 170
26 1
26 28
27 417
27 990
28 927
28 156
29 733
29 653
29 760
29 775
30 885
30 685
31 513
31 131
32 920
32 421
32 477
33 288
33 71
33 792
33 647
34 899
34 487
34 735
34 209
34 151
35 993
35 378
35 762
35 799
35 934
36 284
36 552
36 243
37 708
37 66
37 142
37 508
38 485
39 476
39 49
40 262
40 428
