20 635
20 716
20 157
20 835
20 648
20 948
20 958
21 764
21 103
21 393
21 616
21 607
21 754
21 610
21 263
22 654
22 561
22 549
22 294
22 159
22 680
22 687
22 943
23 259
23 440
23 871
23 104
24 71
24 632
24 15
24 625
24 965
25 684
25 297
25 491
25 581
25 516
25 967
25 609
26 345
26 177
26 447
26 276
26 423
26 749
27 529
27 673
27 805
27 733
27 873
27 935
28 290
28 943
28 842
28 470
28 142
29 158
29 153
29 768
29 924
29 337
30 851
30 826
30 283
30 845
30 87
30 728
30 549
31 87
31 212
31 157
31 890
31 904
31 44
31 514
31 54
32 1000
32 304
32 194
32 421
32 391
32 584
32 319
32 863
32 442
32 402
33 751
33 620
33 788
33 622
33 536
33 553
34 693
34 120
34 382
34 513
34 903
34 369
34 719
35 135
35 412
35 167
35 70
35 444
35 969
35 435
36 823
36 95
36 675
37 821
37 804
37 495
37 254
37 657
37 799
37 145
37 235
37 159
38 108
38 393
38 10
38 920
39 631
39 695
39 507
39 553
39 128
39 764
40 378
40 417
40 709
40 916
40 56
41 758
41 991
41 397
41 210
41 228
41 532
41 762
41 313
42 880
42 891
42 391
43 169
43 274
43 593
43 260
43 907
43 923
43 472
43 643
43 66
44 598
44 532
44 43
44 125
45 217
45 267
45 827
45 270
45 801
45 515
46 792
46 639
46 560
46 900
47 195
47 387
47 359
47 416
47 319
47 56
47 938
47 54
48 909
48 680
48 903
48 170
48 311
48 196
48 181
48 409
49 837
49 884
49 338
49 397
49 949
49 379
49 602
50 147
50 132
50 472
50 986
50 299
51 6
51 259
51 979
51 405
51 827
51 200
52 44
52 410
52 891
52 340
52 108
52 385
52 721
52 871
53 479
53 83
53 977
53 396
53 846
54 182
54 211
54 810
54 478
55 706
55 555
55 703
55 263
56 248
56 571
56 887
56 618
56 10
56 938
56 386
56 909
56 108
57 253
57 603
57 2
57 23
57 466
57 485
58 755
58 621
58 556
58 224
58 836
59 737
59 108
59 1
59 138
59 257
59 822
60 55
60 562
60 697
60 158
60 516
60 962
60 188
60 681
